311.290009 -55.790001 -0.037090 -0.247809
311.290009 -53.790001 -0.200740 0.018819
311.290009 -51.790001 -0.132535 -0.048561
311.290009 -49.790001 -0.139382 -0.076765
313.290009 -55.790001 -0.192866 -0.230489
313.290009 -53.790001 -0.029680 -0.412660
313.290009 -51.790001 -0.211962 -0.339222
313.290009 -49.790001 -0.206468 -0.122879
315.290009 -55.790001 0.122264 -0.129104
315.290009 -53.790001 -0.299796 -0.372622
315.290009 -51.790001 -0.303820 -0.388795
315.290009 -49.790001 -0.140739 -0.312339
317.290009 -55.790001 -0.325244 -0.558037
317.290009 -53.790001 -0.262653 -0.598005
317.290009 -51.790001 -0.163189 -0.361189
317.290009 -49.790001 -0.317287 -0.466145
165.485245 55.418652 -0.053356 0.035772
165.485245 57.418652 -0.023198 0.187432
165.485245 59.418652 -0.105802 -0.012809
165.485245 61.418652 -0.094404 0.032686
167.485245 55.418652 0.024582 0.201275
167.485245 57.418652 -0.174311 0.025470
167.485245 59.418652 -0.069553 0.166920
167.485245 61.418652 -0.230459 0.087916
169.485245 55.418652 -0.075405 0.092296
169.485245 57.418652 -0.144232 -0.031045
169.485245 59.418652 -0.183154 0.183045
169.485245 61.418652 -0.077251 0.215547
171.485245 55.418652 0.031465 0.215242
171.485245 57.418652 -0.033799 0.018090
171.485245 59.418652 -0.222462 0.022481
171.485245 61.418652 -0.234217 0.156257
311.290009 71.460190 0.208184 -0.622808
311.290009 73.460190 -0.003509 -0.276684
311.290009 75.460190 -0.118675 -0.298647
311.290009 77.460190 -0.078797 -0.465425
313.290009 71.460190 0.044245 -0.560573
313.290009 73.460190 0.039355 -0.465804
313.290009 75.460190 -0.060851 -0.131012
313.290009 77.460190 0.043488 -0.652680
315.290009 71.460190 0.187055 -0.799328
315.290009 73.460190 0.007737 -0.436885
315.290009 75.460190 -0.009750 0.115000
315.290009 77.460190 0.058392 -0.219151
317.290009 71.460190 0.451632 -0.417496
317.290009 73.460190 0.190221 -0.324785
317.290009 75.460190 0.100442 -0.257241
317.290009 77.460190 0.021166 0.086457
165.485245 182.668839 0.015587 0.003660
165.485245 184.668839 0.068131 -0.020229
165.485245 186.668839 -0.068096 -0.061895
165.485245 188.668839 -0.186050 -0.192634
167.485245 182.668839 -0.040683 -0.078639
167.485245 184.668839 0.033034 -0.234555
167.485245 186.668839 0.109774 -0.291069
167.485245 188.668839 0.341532 -0.381517
169.485245 182.668839 0.371850 -0.350947
169.485245 184.668839 -0.021594 -0.167349
169.485245 186.668839 0.147310 -0.403062
169.485245 188.668839 0.291861 -0.287188
171.485245 182.668839 0.126416 -0.146727
171.485245 184.668839 0.160082 -0.185720
171.485245 186.668839 0.247055 -0.481660
171.485245 188.668839 0.032876 -0.350061
149.095596 71.460190 0.032573 -0.161151
149.095596 73.460190 -0.222018 -0.042758
149.095596 75.460190 -0.123707 0.018403
149.095596 77.460190 -0.154611 0.113950
151.095596 71.460190 -0.073801 -0.316149
151.095596 73.460190 0.018833 0.065997
151.095596 75.460190 -0.009110 0.150526
151.095596 77.460190 -0.068402 0.337163
153.095596 71.460190 -0.004876 0.101787
153.095596 73.460190 0.032531 0.113085
153.095596 75.460190 0.069218 -0.093948
153.095596 77.460190 -0.140447 0.157759
155.095596 71.460190 -0.023930 0.099518
155.095596 73.460190 -0.090198 -0.168709
155.095596 75.460190 -0.009763 -0.186284
155.095596 77.460190 0.006826 0.069251
3.290844 182.668839 0.009365 -0.005228
3.290844 184.668839 0.109301 -0.059523
3.290844 186.668839 -0.009544 -0.056133
3.290844 188.668839 0.056690 0.028453
5.290844 182.668839 0.170669 -0.033962
5.290844 184.668839 0.213921 -0.167488
5.290844 186.668839 0.268103 0.116455
5.290844 188.668839 0.020477 -0.067095
7.290844 182.668839 0.141900 0.043431
7.290844 184.668839 0.252098 -0.012092
7.290844 186.668839 0.432562 -0.144779
7.290844 188.668839 0.289928 0.201921
9.290844 182.668839 0.204517 -0.107184
9.290844 184.668839 0.064324 0.028922
9.290844 186.668839 0.248653 -0.075485
9.290844 188.668839 -0.146908 0.124057
-13.098800 71.460190 -0.063093 1.016765
-13.098800 73.460190 0.078800 0.537087
-13.098800 75.460190 0.030499 0.443603
-13.098800 77.460190 0.156293 -0.016843
-11.098800 71.460190 -0.020476 0.988085
-11.098800 73.460190 0.086423 0.791138
-11.098800 75.460190 0.005337 0.450382
-11.098800 77.460190 0.090062 0.118404
-9.098800 71.460190 0.139768 1.023529
-9.098800 73.460190 0.123561 0.815528
-9.098800 75.460190 -0.017084 0.538850
-9.098800 77.460190 0.175740 0.292299
-7.098800 71.460190 0.292699 1.107795
-7.098800 73.460190 0.227360 0.871342
-7.098800 75.460190 0.063916 0.461898
-7.098800 77.460190 -0.000543 0.221568
-158.903549 182.668839 0.033302 -0.386358
-158.903549 184.668839 0.453722 -0.213795
-158.903549 186.668839 0.143222 -0.319702
-158.903549 188.668839 -0.106402 -0.172489
-156.903549 182.668839 0.054260 -0.310029
-156.903549 184.668839 0.143118 -0.248386
-156.903549 186.668839 0.144019 -0.349646
-156.903549 188.668839 0.112019 -0.202489
-154.903549 182.668839 0.083610 -0.367307
-154.903549 184.668839 0.282845 -0.246973
-154.903549 186.668839 0.140793 -0.249637
-154.903549 188.668839 0.284832 -0.227249
-152.903549 182.668839 0.357187 -0.347119
-152.903549 184.668839 0.233165 -0.282295
-152.903549 186.668839 0.133163 -0.280982
-152.903549 188.668839 0.168872 -0.204403
165.485245 309.919037 -0.183213 0.497696
165.485245 311.919037 0.204127 0.194874
165.485245 313.919037 0.391626 -0.033472
165.485245 315.919037 0.378133 -0.011770
167.485245 309.919037 0.127300 0.340094
167.485245 311.919037 0.572343 -0.022382
167.485245 313.919037 0.374973 -0.043166
167.485245 315.919037 0.626769 -0.209959
169.485245 309.919037 0.209490 0.231738
169.485245 311.919037 0.242223 0.077901
169.485245 313.919037 0.273582 -0.067128
169.485245 315.919037 0.209505 0.112758
171.485245 309.919037 0.184732 0.164405
171.485245 311.919037 0.212307 0.159650
171.485245 313.919037 0.132254 0.074261
171.485245 315.919037 0.154152 -0.128249
149.095596 198.710373 -0.038015 0.198103
149.095596 200.710373 -0.007509 0.160242
149.095596 202.710373 0.036248 -0.007236
149.095596 204.710373 -0.068149 0.131585
151.095596 198.710373 -0.012637 -0.011466
151.095596 200.710373 -0.042234 0.083634
151.095596 202.710373 -0.152493 0.268426
151.095596 204.710373 -0.155958 0.262805
153.095596 198.710373 0.040826 0.176580
153.095596 200.710373 0.016059 0.023373
153.095596 202.710373 -0.111969 -0.010585
153.095596 204.710373 -0.223786 0.403314
155.095596 198.710373 -0.037789 0.116046
155.095596 200.710373 -0.238198 0.212647
155.095596 202.710373 0.002710 -0.029138
155.095596 204.710373 -0.287044 0.340692
3.290844 309.919037 -0.294875 0.207798
3.290844 311.919037 -0.124766 0.087143
3.290844 313.919037 -0.340150 0.220308
3.290844 315.919037 -0.259206 0.204864
5.290844 309.919037 -0.363501 0.331799
5.290844 311.919037 -0.349120 0.229229
5.290844 313.919037 -0.486068 0.202333
5.290844 315.919037 -0.196436 0.116168
7.290844 309.919037 -0.385247 0.208061
7.290844 311.919037 -0.034112 0.239874
7.290844 313.919037 -0.192808 0.182951
7.290844 315.919037 -0.020481 0.034082
9.290844 309.919037 -0.415131 0.244311
9.290844 311.919037 -0.345962 0.165420
9.290844 313.919037 -0.257864 0.156711
9.290844 315.919037 -0.389962 0.086793
-13.098800 198.710373 -0.290837 -0.038445
-13.098800 200.710373 -0.227089 -0.013021
-13.098800 202.710373 -0.193537 0.035349
-13.098800 204.710373 -0.149092 -0.096013
-11.098800 198.710373 -0.088791 0.011702
-11.098800 200.710373 -0.102406 -0.132401
-11.098800 202.710373 -0.203800 0.071938
-11.098800 204.710373 -0.063799 -0.027878
-9.098800 198.710373 0.061657 -0.126398
-9.098800 200.710373 -0.050527 -0.050300
-9.098800 202.710373 -0.266094 0.004296
-9.098800 204.710373 -0.361061 0.010509
-7.098800 198.710373 -0.331209 0.114033
-7.098800 200.710373 -0.144760 -0.086396
-7.098800 202.710373 -0.078958 -0.079194
-7.098800 204.710373 -0.651115 -0.086503
-175.293198 71.460190 0.633344 -0.109463
-175.293198 73.460190 0.693193 0.020438
-175.293198 75.460190 0.629941 -0.046763
-175.293198 77.460190 0.619126 -0.074733
-173.293198 71.460190 0.693335 -0.137320
-173.293198 73.460190 0.727703 -0.039031
-173.293198 75.460190 0.671752 0.024894
-173.293198 77.460190 0.595390 -0.164588
-171.293198 71.460190 0.578926 -0.114641
-171.293198 73.460190 0.597297 -0.092151
-171.293198 75.460190 0.667067 -0.052579
-171.293198 77.460190 0.644315 -0.094541
-169.293198 71.460190 0.605071 -0.079491
-169.293198 73.460190 0.487088 -0.124544
-169.293198 75.460190 0.671584 -0.096916
-169.293198 77.460190 0.446369 -0.133763
-175.293198 198.710373 -0.265863 -0.070864
-175.293198 200.710373 -0.131041 -0.228563
-175.293198 202.710373 0.171076 -0.163981
-175.293198 204.710373 -0.053587 -0.265353
-173.293198 198.710373 0.053485 -0.151541
-173.293198 200.710373 -0.165572 -0.293006
-173.293198 202.710373 -0.054896 -0.183720
-173.293198 204.710373 -0.282917 -0.406641
-171.293198 198.710373 -0.128455 -0.130571
-171.293198 200.710373 0.024851 -0.084496
-171.293198 202.710373 -0.040412 -0.146314
-171.293198 204.710373 -0.139530 -0.361291
-169.293198 198.710373 -0.123818 -0.199755
-169.293198 200.710373 0.171102 -0.074698
-169.293198 202.710373 -0.151273 -0.300665
-169.293198 204.710373 -0.366727 -0.324430
-13.098800 325.960571 -0.297566 0.400118
-13.098800 327.960571 -0.561196 0.353831
-13.098800 329.960571 -0.268286 0.303381
-13.098800 331.960571 -0.318278 0.203481
-11.098800 325.960571 -0.575351 0.494723
-11.098800 327.960571 -0.338756 0.329587
-11.098800 329.960571 -0.288746 0.339655
-11.098800 331.960571 -0.221397 0.230326
-9.098800 325.960571 -0.594495 0.499544
-9.098800 327.960571 -0.424764 0.330519
-9.098800 329.960571 -0.489405 0.295884
-9.098800 331.960571 -0.461356 0.246708
-7.098800 325.960571 -0.636590 0.437571
-7.098800 327.960571 -0.591595 0.439459
-7.098800 329.960571 -0.697471 0.268865
-7.098800 331.960571 -0.372342 0.261256
-7.098800 331.960571 -0.372342 0.261256
