-13.098800 325.960571 -0.207137 0.306964
-13.098800 327.960571 -0.395313 0.315480
-13.098800 329.960571 -0.254917 0.267953
-13.098800 331.960571 -0.421527 0.322196
-11.098800 325.960571 -0.347090 0.313382
-11.098800 327.960571 -0.362348 0.246883
-11.098800 329.960571 -0.226721 0.330175
-11.098800 331.960571 -0.081750 0.266365
-9.098800 325.960571 -0.639210 0.482828
-9.098800 327.960571 -0.719811 0.452586
-9.098800 329.960571 -0.347688 0.298703
-9.098800 331.960571 -0.324521 0.336000
-7.098800 325.960571 -0.427096 0.256890
-7.098800 327.960571 -0.321672 0.321369
-7.098800 329.960571 -0.546804 0.224021
-7.098800 331.960571 -0.240536 0.246542
-175.293198 198.710373 -0.371446 -0.263490
-175.293198 200.710373 -0.056500 -0.307004
-175.293198 202.710373 -0.013028 -0.262028
-175.293198 204.710373 -0.120717 -0.300736
-173.293198 198.710373 0.058556 -0.301172
-173.293198 200.710373 -0.156718 -0.303201
-173.293198 202.710373 0.101271 -0.280723
-173.293198 204.710373 -0.280041 -0.351080
-171.293198 198.710373 -0.166781 -0.263261
-171.293198 200.710373 0.265366 -0.230626
-171.293198 202.710373 -0.017986 -0.230276
-171.293198 204.710373 0.076367 -0.221935
-169.293198 198.710373 -0.208295 -0.486545
-169.293198 200.710373 0.226079 -0.389545
-169.293198 202.710373 0.019494 -0.242388
-169.293198 204.710373 -0.216855 -0.303788
-175.293198 71.460190 0.645639 -0.014427
-175.293198 73.460190 0.562390 -0.063548
-175.293198 75.460190 0.490382 -0.017586
-175.293198 77.460190 0.519013 -0.011008
-173.293198 71.460190 0.531966 -0.217045
-173.293198 73.460190 0.562310 -0.131297
-173.293198 75.460190 0.596767 -0.058083
-173.293198 77.460190 0.530404 -0.131133
-171.293198 71.460190 0.559556 0.005737
-171.293198 73.460190 0.654060 -0.172723
-171.293198 75.460190 0.503156 0.010078
-171.293198 77.460190 0.516514 -0.081261
-169.293198 71.460190 0.703005 -0.137439
-169.293198 73.460190 0.568911 -0.142246
-169.293198 75.460190 0.645823 0.092438
-169.293198 77.460190 0.359928 -0.159134
-13.098800 198.710373 0.012126 -0.255780
-13.098800 200.710373 -0.041677 -0.070662
-13.098800 202.710373 0.102556 0.036847
-13.098800 204.710373 -0.042828 -0.100466
-11.098800 198.710373 0.086155 -0.217304
-11.098800 200.710373 0.135950 -0.282679
-11.098800 202.710373 -0.180197 -0.085701
-11.098800 204.710373 -0.105360 -0.042456
-9.098800 198.710373 0.095874 -0.104191
-9.098800 200.710373 0.054712 -0.120630
-9.098800 202.710373 -0.153604 -0.061158
-9.098800 204.710373 -0.031130 -0.028052
-7.098800 198.710373 0.118295 -0.201303
-7.098800 200.710373 -0.037136 -0.163460
-7.098800 202.710373 -0.105315 -0.085152
-7.098800 204.710373 -0.202424 -0.194129
3.290844 309.919037 -0.321078 0.344834
3.290844 311.919037 -0.002056 0.161668
3.290844 313.919037 -0.282632 0.234933
3.290844 315.919037 0.032297 0.194739
5.290844 309.919037 -0.284338 0.296463
5.290844 311.919037 -0.293315 0.248766
5.290844 313.919037 -0.193207 0.210166
5.290844 315.919037 -0.352571 0.258580
7.290844 309.919037 -0.177196 0.278825
7.290844 311.919037 -0.119312 0.295359
7.290844 313.919037 -0.204446 0.159618
7.290844 315.919037 0.028850 0.121438
9.290844 309.919037 -0.315267 0.228111
9.290844 311.919037 -0.209566 0.213641
9.290844 313.919037 -0.427204 0.357091
9.290844 315.919037 -0.322293 0.161333
149.095596 198.710373 0.365653 -0.227521
149.095596 200.710373 0.296780 -0.297576
149.095596 202.710373 0.473910 -0.208512
149.095596 204.710373 0.557837 -0.318856
151.095596 198.710373 0.285079 -0.144014
151.095596 200.710373 0.347100 -0.176520
151.095596 202.710373 0.393843 -0.210209
151.095596 204.710373 0.287868 0.077487
153.095596 198.710373 0.400414 -0.235575
153.095596 200.710373 0.438049 -0.270944
153.095596 202.710373 0.303151 -0.209748
153.095596 204.710373 0.175766 0.180105
155.095596 198.710373 0.565794 -0.203891
155.095596 200.710373 0.222868 -0.078779
155.095596 202.710373 0.289660 -0.162139
155.095596 204.710373 0.346893 0.023234
165.485245 309.919037 -0.534544 0.632079
165.485245 311.919037 0.284257 0.140576
165.485245 313.919037 0.383330 0.027498
165.485245 315.919037 0.526312 -0.097933
167.485245 309.919037 0.019995 0.397067
167.485245 311.919037 0.454569 -0.042481
167.485245 313.919037 0.222570 0.067593
167.485245 315.919037 0.650279 -0.194464
169.485245 309.919037 0.061721 0.239528
169.485245 311.919037 0.168208 0.134906
169.485245 313.919037 0.235905 -0.012690
169.485245 315.919037 0.274369 0.180319
171.485245 309.919037 0.177217 0.191667
171.485245 311.919037 0.288142 0.148181
171.485245 313.919037 -0.013548 0.197660
171.485245 315.919037 0.098726 0.144809
-158.903549 182.668839 -0.036550 -0.221132
-158.903549 184.668839 0.200585 -0.171773
-158.903549 186.668839 0.064974 -0.384543
-158.903549 188.668839 -0.185576 -0.371483
-156.903549 182.668839 -0.302453 -0.356738
-156.903549 184.668839 -0.060834 -0.275761
-156.903549 186.668839 -0.129141 -0.349807
-156.903549 188.668839 0.041974 -0.252209
-154.903549 182.668839 -0.117024 -0.224632
-154.903549 184.668839 0.039723 -0.201118
-154.903549 186.668839 -0.350089 -0.362136
-154.903549 188.668839 0.110155 -0.188286
-152.903549 182.668839 -0.097235 -0.326350
-152.903549 184.668839 -0.047112 -0.185289
-152.903549 186.668839 0.029017 -0.218356
-152.903549 188.668839 0.005125 -0.207847
-13.098800 71.460190 0.221511 0.931532
-13.098800 73.460190 0.184257 0.678728
-13.098800 75.460190 0.114265 0.402211
-13.098800 77.460190 0.140910 0.063620
-11.098800 71.460190 0.074163 0.944447
-11.098800 73.460190 0.097653 0.755024
-11.098800 75.460190 0.073478 0.376184
-11.098800 77.460190 0.154603 -0.041733
-9.098800 71.460190 0.100481 0.904157
-9.098800 73.460190 0.081664 0.778450
-9.098800 75.460190 0.078836 0.437194
-9.098800 77.460190 0.043925 0.211512
-7.098800 71.460190 0.098144 0.904516
-7.098800 73.460190 0.138853 0.774461
-7.098800 75.460190 0.087874 0.422622
-7.098800 77.460190 0.022944 0.229176
3.290844 182.668839 0.077990 -0.064994
3.290844 184.668839 -0.016074 0.188974
3.290844 186.668839 -0.140276 0.126754
3.290844 188.668839 -0.144135 0.057087
5.290844 182.668839 0.141450 0.163383
5.290844 184.668839 -0.024876 0.059823
5.290844 186.668839 -0.172971 0.108082
5.290844 188.668839 -0.031295 0.125698
7.290844 182.668839 -0.037945 0.134756
7.290844 184.668839 -0.197617 0.087554
7.290844 186.668839 -0.206061 0.220577
7.290844 188.668839 0.048201 0.194412
9.290844 182.668839 -0.178181 0.361273
9.290844 184.668839 -0.158066 0.165754
9.290844 186.668839 -0.117916 0.399903
9.290844 188.668839 -0.559872 0.062783
149.095596 71.460190 0.049426 -0.027114
149.095596 73.460190 -0.046284 0.048410
149.095596 75.460190 -0.010854 -0.066315
149.095596 77.460190 -0.096979 -0.002669
151.095596 71.460190 0.005288 -0.187426
151.095596 73.460190 0.013540 -0.128842
151.095596 75.460190 -0.117385 0.151811
151.095596 77.460190 -0.071560 0.123623
153.095596 71.460190 0.044441 0.030579
153.095596 73.460190 0.006671 0.101848
153.095596 75.460190 -0.038080 -0.069236
153.095596 77.460190 -0.038044 0.199106
155.095596 71.460190 -0.169435 0.206899
155.095596 73.460190 -0.051170 -0.016423
155.095596 75.460190 -0.035331 -0.162977
155.095596 77.460190 -0.047216 0.021165
165.485245 182.668839 -0.058067 0.094894
165.485245 184.668839 0.070537 0.111858
165.485245 186.668839 -0.321153 -0.128007
165.485245 188.668839 -0.250788 -0.207151
167.485245 182.668839 0.117053 -0.145005
167.485245 184.668839 0.150516 -0.207935
167.485245 186.668839 0.482527 -0.320015
167.485245 188.668839 0.153808 -0.535203
169.485245 182.668839 0.279399 -0.177275
169.485245 184.668839 0.262237 -0.295917
169.485245 186.668839 0.246781 -0.271705
169.485245 188.668839 -0.115785 -0.232080
171.485245 182.668839 0.000377 -0.188017
171.485245 184.668839 0.142403 -0.112843
171.485245 186.668839 0.063840 -0.307852
171.485245 188.668839 0.256824 -0.328597
311.290009 71.460190 0.065488 -0.354260
311.290009 73.460190 0.012384 -0.269861
311.290009 75.460190 -0.136675 0.028419
311.290009 77.460190 0.033683 -0.303842
313.290009 71.460190 -0.122216 -0.170959
313.290009 73.460190 -0.096739 -0.259691
313.290009 75.460190 -0.078744 -0.248078
313.290009 77.460190 -0.015655 -0.368833
315.290009 71.460190 -0.090590 -0.207476
315.290009 73.460190 -0.128157 -0.189912
315.290009 75.460190 -0.090761 0.106556
315.290009 77.460190 -0.009610 -0.330637
317.290009 71.460190 -0.007087 -0.013402
317.290009 73.460190 0.169765 -0.122660
317.290009 75.460190 0.015530 0.030762
317.290009 77.460190 -0.053337 0.103358
165.485245 55.418652 -0.193898 0.274182
165.485245 57.418652 -0.163657 0.179828
165.485245 59.418652 -0.140690 0.021415
165.485245 61.418652 -0.246483 -0.008987
167.485245 55.418652 -0.201406 0.308705
167.485245 57.418652 -0.285035 0.114173
167.485245 59.418652 -0.205898 0.195004
167.485245 61.418652 -0.284975 0.135662
169.485245 55.418652 -0.234048 -0.000167
169.485245 57.418652 -0.144758 0.032676
169.485245 59.418652 -0.261123 0.197816
169.485245 61.418652 -0.254817 0.126608
171.485245 55.418652 -0.226599 0.294192
171.485245 57.418652 -0.375539 0.135618
171.485245 59.418652 -0.451767 0.172481
171.485245 61.418652 -0.365502 0.168065
311.290009 -55.790001 -0.155227 -0.140274
311.290009 -53.790001 -0.271793 -0.338347
311.290009 -51.790001 0.080242 -0.153462
311.290009 -49.790001 0.033226 -0.100417
313.290009 -55.790001 0.084195 -0.017015
313.290009 -53.790001 -0.269001 -0.168339
313.290009 -51.790001 -0.298719 -0.354185
313.290009 -49.790001 -0.249667 -0.358703
315.290009 -55.790001 -0.243314 -0.040391
315.290009 -53.790001 -0.061425 -0.254590
315.290009 -51.790001 -0.083747 -0.412370
315.290009 -49.790001 -0.170754 -0.089245
317.290009 -55.790001 -0.309238 -0.340604
317.290009 -53.790001 -0.132944 -0.348473
317.290009 -51.790001 -0.306432 -0.294104
317.290009 -49.790001 -0.325447 -0.352865
317.290009 -49.790001 -0.325447 -0.352865
